((("defaults" .
   [2 0 0 0 0 0 0 0])
  ("mobile" .
   [1 0 0 0 0 0])
  ("haml" .
   [1 0 0 0])
  ("do" .
   [1 0])
  ("get" .
   [2 0 0])
  ("ruby" .
   [1 0 0 0])
  ("rails" .
   [1 0 0 0 0])
  ("link" .
   [1 0 0 0])
  ("photo" .
   [2 0 0 0 0])
  ("to_s" .
   [2 0 0 0])
  ("config" .
   [9 0 0 0 0 0])
  ("url" .
   [1 0 0])
  ("title" .
   [2 0 0 0 0])
  ("maker" .
   [2 0 0 0 0])
  ("addClass" .
   [4 0 0 2 2 1 0 0])
  ("hide" .
   [5 0 0 0])
  ("begin" .
   [1 0 0 0 0])
  ("rescue" .
   [1 0 0 0 0 0])
  ("AUTO" .
   [1 0 0 0])
  ("css" .
   [2 0 0])
  ("removeClass" .
   [1 0 0 0 0 0 6 0 1 0 0])
  ("card" .
   [1 0 0 0])))
